0 2
1 7
2 4
3 11
4 21
5 29
6 57
7 72
8 127
9 124
10 173
11 179
12 273
13 332
14 346
15 390
16 392
17 498
18 440
19 358
20 394
21 456
22 393
23 399
24 304
25 214
26 150
27 103
28 76
29 45
30 49
31 42
32 33
33 16
34 22
35 16
36 10
37 11
38 17
39 9
40 7
41 7
42 6
43 7
44 10
45 5
46 4
47 12
48 15
49 9
50 23
51 47
52 42
53 72
54 109
55 111
56 182
57 235
58 226
59 256
60 488
61 659
62 798
63 919
64 1227
65 1368
66 1433
67 1547
68 1397
69 1238
70 1145
71 1084
72 837
73 601
74 421
75 342
76 173
77 152
78 108
79 99
80 67
81 50
82 49
